avg_steps, avg_reward, success_rate, avg_speed, avg_laneChange
14.0
9.414773806149169
0.05
4.273195385428801
5.35
26.6
18.628588357453577
0.1
8.989196132894042
10.0
35.65
25.234528790676436
0.1
13.97865698202144
13.25
44.6
32.53818321387128
0.1
19.357198165649276
16.45
51.8
37.857970500113844
0.15
24.523017052718206
19.0
43.05
32.491270509117086
0.15
25.40404747331358
15.1
39.7
30.685978510176767
0.15
25.86575536934769
13.0
35.55
28.064221076520674
0.15
26.125848065347867
11.45
38.5
30.967619468161693
0.2
26.094529042499154
11.05
37.9
31.48113033733743
0.2
26.45880145186472
9.85
48.3
41.186672735530394
0.3
26.733924899495907
11.9
45.35
39.476697464025975
0.3
27.227653877720275
11.15
50.05
43.751244667763416
0.35
27.25916049642587
11.4
48.4
42.312564236863395
0.35
27.271458446906685
10.6
47.7
41.69010501888417
0.35
27.408252508262137
10.3
40.5
35.81839431192146
0.35
27.724063580174764
8.2
45.0
39.22035982223154
0.35
27.432424895259203
8.55
47.3
41.63229926954473
0.35
27.643845625390107
8.4
46.3
40.944591815105
0.35
27.652240811390804
7.65
48.2
42.845215241817186
0.35
27.719845293608397
8.85
52.05
46.668812189471545
0.35
27.75115868452854
9.65
51.15
46.679443163827415
0.35
27.95951865674773
9.45
53.6
49.55808400710613
0.4
28.230806188463852
10.1
53.5
49.55787305174801
0.4
28.36579385177069
10.4
58.55
54.14584806986718
0.5
28.126358516466734
9.5
56.35
52.22412399823115
0.5
28.2322619712007
8.75
55.0
51.16583856799918
0.5
28.370148145385325
8.55
60.65
54.979270847032055
0.6
27.884686854159714
8.4
58.1
53.15706853637573
0.6
28.22588909290024
7.95
62.35
57.1529456907801
0.65
28.32584367033642
8.1
68.55
61.574266588027356
0.7
27.844652905124285
8.8
77.05
68.55701144968793
0.8
27.55365316749168
9.35
72.0
64.99657043594974
0.8
27.86214599015774
8.5
77.6
69.67401188600643
0.85
27.594177003616785
9.25
73.5
65.73239221251009
0.85
27.581284833186793
9.85
74.45
67.50755211570436
0.85
27.828894725807125
9.55
72.15
65.08654375420069
0.9
27.68412742170695
8.65
61.95
55.666578766228476
0.9
27.859963870333548
7.95
66.85
59.59397485186871
1.0
27.667889592620206
7.95
73.85
65.96328501590583
1.0
27.562592667430522
7.95
76.3
67.42926690608805
1.0
27.292580074686192
8.0
81.55
72.39482260310947
1.0
27.306035258127668
8.2
92.4
81.07282842141652
1.0
26.755863212284538
8.9
91.2
80.10911643492314
1.0
26.782015596658518
8.9
85.2
74.81008080388933
1.0
26.89072480869634
8.6
78.75
70.03601844904365
1.0
27.320707296863663
8.3
74.45
66.38387952815717
1.0
27.474873764578586
7.85
75.55
67.92803813798551
1.0
27.467196856475944
8.25
75.45
67.2883245625138
1.0
27.293544579370508
8.05
79.15
70.19418319973532
1.0
27.094230828324164
7.35
85.9
73.92770003887928
1.0
26.220624132079443
6.75
88.1
75.52694564930229
1.0
26.06838734783118
7.35
89.3
77.80090528986305
1.0
26.585883733626922
7.6
91.6
79.45015834880766
1.0
26.441105029489062
6.75
92.45
80.48273522711051
1.0
26.522716871456687
6.7
89.45
79.83780548610233
1.0
27.247052096328325
6.85
91.55
81.07224365058003
1.0
27.001150089998028
6.05
92.35
80.10196006632705
1.0
26.4535260229925
5.9
81.9
72.19277314160101
1.0
27.059093524670487
6.3
77.0
67.09861303634136
1.0
26.985781489068863
6.15
72.5
63.476089343284606
1.0
27.21827105267871
6.75
72.5
63.83417308875526
1.0
27.330473990608745
6.85
69.7
62.54490316741745
1.0
27.754438601403336
6.15
82.05
72.24335651581518
1.0
27.083601075237585
6.1
79.85
71.22463053030876
1.0
27.41536894512412
7.05
87.35
75.39381674117959
1.0
26.459762246535682
6.65
83.95
72.3310923660275
1.0
26.545413404028828
8.05
88.05
74.19879700507528
1.0
25.938309876584025
7.7
78.25
66.45932291592368
1.0
26.49339258398851
8.2
79.3
67.26214073741593
1.0
26.41633386351406
8.25
76.8
65.94571708101543
1.0
26.708923624956043
8.85
80.2
68.97271653666478
1.0
26.62269488083816
7.85
80.2
69.44883991925214
1.0
26.75947420278621
8.35
90.0
77.57592564794676
1.0
26.34976861998062
7.8
89.15
75.904736997988
1.0
26.115620438770396
7.4
88.4
74.43000344480313
1.0
25.95026359876453
6.7
86.05
73.07138258788586
1.0
26.242340357812157
6.7
84.5
71.10261631031757
1.0
26.083838365163928
6.4
77.9
64.93584191417496
1.0
26.01536898355166
5.9
85.55
71.48601981699107
1.0
25.73880441880373
5.85
83.6
71.2563171168063
1.0
26.232008041934876
5.8
85.95
71.12484481318901
1.0
25.458197495118178
5.65
84.2
70.33550268338715
1.0
25.76698697226858
6.45
86.7
71.94286659858031
1.0
25.632017169498955
7.25
87.05
72.8701425395096
1.0
25.836467044417553
8.3
85.0
69.6404514614892
1.0
25.41910696849405
7.95
81.9
67.88092582166001
1.0
25.808977378076673
7.65
82.45
68.5963059911331
1.0
25.805335624458074
7.0
86.55
73.81575075262894
1.0
26.214019089014972
7.75
82.45
69.23471695984179
1.0
25.964438294389577
6.5
86.2
73.25252248103668
1.0
26.14514388914741
7.15
89.3
77.0474312751162
1.0
26.382445094550498
7.0
87.9
75.18034340409574
1.0
26.148422654241397
6.8
86.65
74.62174359213877
1.0
26.33434049887858
6.5
87.1
75.64550711079676
1.0
26.47652628572205
6.45
78.85
68.48510476747967
1.0
26.662290863760326
6.25
77.9
67.21323133438689
1.0
26.609291560147113
6.85
76.65
66.51732345847327
1.0
26.757227565109837
6.9
77.9
65.83674571966098
1.0
26.178530320379586
6.5
75.0
63.85709043486467
1.0
26.535687447746646
7.0
83.2
71.14598836347685
1.0
26.363164958314893
7.45
84.15
71.88751296023426
1.0
26.267174812727923
7.4
87.1
74.00734775189599
1.0
26.208640824397584
7.45
87.1
74.67048585835076
1.0
26.391753082493516
7.45
88.4
76.72294687579421
1.0
26.642572543292136
7.7
90.05
77.27350619525218
1.0
26.358183523376148
7.6
90.05
78.01517783386137
1.0
26.575442010423103
8.25
90.35
79.29736651700236
1.0
26.732004585535805
9.45
84.65
74.90017738695974
1.0
26.9300351751477
9.65
87.4
76.63441624320777
1.0
26.63619629966745
10.1
89.3
79.45013085383881
1.0
26.878236232667792
11.1
80.95
71.1248142058367
1.0
26.787421252924503
10.25
79.5
69.54349914301199
1.0
26.769054111427316
9.2
79.15
67.93316944700196
1.0
26.402435743887303
8.8
82.0
69.46805746238957
1.0
25.990974728528887
8.65
82.0
69.8258826800895
1.0
26.12223508957042
7.7
90.35
77.63747202499458
1.0
26.058658425147268
7.9
93.95
80.27658682714969
1.0
25.88322193891487
8.4
100.0
87.65526690623403
1.0
26.51725331918336
10.2
91.85
79.878464890129
1.0
26.47220146195203
9.25
85.55
73.16267741697193
1.0
26.19954435186701
8.3
85.55
71.25718790119979
1.0
25.597663039156405
8.7
85.55
71.5772567795847
1.0
25.668344628821238
8.55
85.55
70.47417403611912
1.0
25.302787486632177
7.75
91.85
75.31136564614455
1.0
24.90512118425939
9.05
